21
22
23
25
53
67
68
80
81
82
83
84
85
86
87
88
89
110
111
139
143
161
161
389
389
443
445
512
513
514
873
1025
1158
1433
1433
1433
1434
1521
1521
1521
2082
2083
2094
2100
2222
2601
2604
3128
3306
3306
3311
3312
3389
3389
3389
3700
4440
4848
4848
5000
5432
5432
5900
5900
5901
5902
5984
6082
6379
6379
7001
7001
7002
7778
8080
8081
8649
8888
8888
9000
9080
9081
9090
9200
9200
9300
10000
11211
22122
27017
27017
27018
28017
50000
50030
50060
50070